4.048663741523748
3.370562425209409
4.048663741523748
3.5500598324691004
59.57319505384924
4.048663741523748
3.948942959712818
3.4004786597527064
4.028719585161557
4.048663741523748
4.048663741523748
4.487435181491823
4.048663741523748
3.380534503390516
4.3777423214998095
4.487435181491823
4.048663741523748
4.048663741523748
4.038691663342641
4.048663741523748
3.3506182688472412
61.926605504587165
4.048663741523748
21.788990825688074
3.6796968488233035
4.487435181491823
3.6796968488233035
4.048663741523748
4.048663741523748
4.058635819704831
4.008775428799367
4.048663741523748
3.9589150378939015
4.058635819704831
4.058635819704831
4.028719585161557
4.427602712405275
60.18149182289589
