4.048663741523748
4.048663741523748
4.048663741523748
4.048663741523748
4.048663741523748
149.30195452732352
4.198244914240141
4.198244914240141
4.487435181491823
4.048663741523748
4.048663741523748
3.0115676106900726
4.487435181491823
4.048663741523748
4.148384523334677
2.143996808934982
4.048663741523748
4.487435181491823
1.7351416035101808
4.048663741523748
35.36098923015558
4.048663741523748
2.0442760271240528
1.7251695253290855
4.048663741523748
2.223773434383721
10.570402871958516
4.487435181491823
38.22297566812923
2.303550059832483
4.048663741523748
4.048663741523748
5.634224172317511
4.048663741523748
2.3534104507379476
4.487435181491823
4.048663741523748
4.028719585161557
4.048663741523748
4.048663741523748
4.008775428799367
