[0.         0.92245484 0.94708465 0.97674248 1.        ]
[*] Running ...
weibull_5k_train.pickle
	 Average number of bins: 3705.4
	 Lower bound on optimum: 2005.6
	 Excess: 84.75%
[*] Average:
84.75269246110891
[0.         0.92245484 0.94708465 0.97674248 1.        ]
19
[0.         0.92245484 0.94708465 0.97674248 1.        ]
3
[0.         0.92245484 0.94708465 0.97674248 1.        ]
375.2635575392197
[0.         0.92245484 0.94708465 0.97674248 1.        ]
82.13095611627378
[0.         0.92245484 0.94708465 0.97674248 1.        ]
262
