4.487435181491823
4.198244914240141
149.30195452732352
4.487435181491823
4.198244914240141
4.198244914240141
35.41084962106105
4.487435181491823
4.048663741523748
13.40247307538892
149.30195452732352
149.30195452732352
4.198244914240141
5.275229357798175
4.487435181491823
4.487435181491823
4.048663741523748
4.048663741523748
4.198244914240141
4.198244914240141
4.048663741523748
13.40247307538892
149.30195452732352
4.048663741523748
149.30195452732352
149.30195452732352
4.487435181491823
4.487435181491823
4.048663741523748
4.487435181491823
4.048663741523748
4.487435181491823
4.048663741523748
4.487435181491823
4.048663741523748
5.0857598723574
4.048663741523748
4.048663741523748
