4.048663741523748
4.048663741523748
4.048663741523748
4.048663741523748
4.048663741523748
4.048663741523748
4.098524132429212
4.048663741523748
4.048663741523748
4.048663741523748
4.048663741523748
4.048663741523748
4.048663741523748
4.048663741523748
4.048663741523748
4.487435181491823
4.048663741523748
4.048663741523748
4.048663741523748
4.038691663342641
4.048663741523748
4.048663741523748
4.048663741523748
4.048663741523748
4.048663741523748
4.048663741523748
4.048663741523748
4.048663741523748
4.048663741523748
4.048663741523748
4.048663741523748
4.048663741523748
4.048663741523748
4.048663741523748
4.048663741523748
7.6086956521739095
4.048663741523748
4.048663741523748
86.55763861188672
4.048663741523748
144.57518946948545
