4.048663741523748
4.048663741523748
4.048663741523748
4.048663741523748
4.048663741523748
4.048663741523748
4.098524132429212
4.048663741523748
4.048663741523748
4.048663741523748
4.048663741523748
4.048663741523748
4.048663741523748
4.048663741523748
4.048663741523748
4.487435181491823
4.048663741523748
4.048663741523748
4.048663741523748
4.038691663342641
4.048663741523748
4.048663741523748
4.048663741523748
4.048663741523748
4.048663741523748
4.048663741523748
4.048663741523748
4.11846828879138
