4.048663741523748
4.048663741523748
4.048663741523748
4.048663741523748
4.048663741523748
4.048663741523748
4.098524132429212
4.048663741523748
4.048663741523748
4.048663741523748
4.048663741523748
4.048663741523748
4.048663741523748
4.048663741523748
4.048663741523748
4.487435181491823
4.048663741523748
4.048663741523748
4.048663741523748
4.038691663342641
4.048663741523748
4.048663741523748
4.048663741523748
4.048663741523748
4.048663741523748
4.048663741523748
4.048663741523748
4.11846828879138
4.048663741523748
4.048663741523748
4.048663741523748
4.048663741523748
4.238133226964499
4.048663741523748
7.618667730355015
7.6086956521739095
