4.048663741523748
4.048663741523748
4.048663741523748
4.048663741523748
4.048663741523748
4.048663741523748
4.048663741523748
4.048663741523748
4.048663741523748
4.048663741523748
4.048663741523748
5.195452732349436
4.048663741523748
4.048663741523748
4.048663741523748
4.048663741523748
4.058635819704831
4.048663741523748
4.048663741523748
4.048663741523748
4.198244914240141
4.048663741523748
4.307937774232155
4.048663741523748
4.487435181491823
4.048663741523748
4.487435181491823
4.198244914240141
