4.487435181491823
4.198244914240141
4.198244914240141
4.487435181491823
13.40247307538892
149.30195452732352
4.487435181491823
149.30195452732352
4.048663741523748
4.497407259672929
4.198244914240141
4.487435181491823
4.487435181491823
4.198244914240141
4.048663741523748
4.048663741523748
4.048663741523748
4.198244914240141
40.59633027522938
4.048663741523748
18.238930993218997
20.971280414838446
4.487435181491823
4.048663741523748
4.198244914240141
40.05783805345035
4.487435181491823
4.198244914240141
4.198244914240141
4.487435181491823
22.008376545672125
4.198244914240141
4.098524132429212
4.048663741523748
4.487435181491823
4.048663741523748
4.048663741523748
149.30195452732352
4.487435181491823
4.487435181491823
4.048663741523748
4.048663741523748
4.487435181491823
4.048663741523748
81.9206222576785
4.178300757877951
4.487435181491823
84.83246908655765
84.7726366174711
4.487435181491823
4.198244914240141
4.048663741523748
4.198244914240141
4.198244914240141
79.18827283605904
4.048663741523748
4.198244914240141
4.487435181491823
4.198244914240141
4.048663741523748
4.048663741523748
4.487435181491823
4.487435181491823
4.048663741523748
4.048663741523748
4.487435181491823
4.487435181491823
4.487435181491823
4.487435181491823
