149.30195452732352
4.048663741523748
4.048663741523748
4.048663741523748
4.048663741523748
3.9788591942560925
4.048663741523748
4.038691663342641
3.948942959712818
4.048663741523748
4.048663741523748
4.038691663342641
4.008775428799367
3.181092939768657
4.048663741523748
3.6796968488233035
3.230953330674122
2.263661747108102
2.812126047068214
4.048663741523748
2.343438372556841
2.263661747108102
3.330674112485051
1.9944156362185879
2.193857199840447
2.8919026725169528
2.0941364180295174
4.008775428799367
