149.30195452732352
3.7295572397287686
5.195452732349436
2.7223773434383682
2.293577981651376
1.3063422417231776
0.8875149581172807
0.8875149581172807
0.8875149581172807
0.8875149581172807
1.8847227762265748
4.068607897885915
1.3063422417231776
1.0071798962903893
0.8875149581172807
1.0470682090147587
1.0071798962903893
4.048663741523748
0.8875149581172807
1.0869565217391397
0.8875149581172807
4.367770243318703
0.8875149581172807
3.709613083366578
1.3063422417231776
1.0271240526525796
1.0670123653769492
0.9274032708416502
1.0271240526525796
1.9146390107698492
0.7778220981252562
0.7678500199441609
