4.487435181491823
4.198244914240141
4.487435181491823
4.198244914240141
13.40247307538892
4.487435181491823
4.198244914240141
4.487435181491823
149.30195452732352
4.198244914240141
71.93857199840448
4.487435181491823
4.198244914240141
149.30195452732352
27.173913043478258
149.30195452732352
4.198244914240141
4.198244914240141
4.048663741523748
4.487435181491823
4.198244914240141
4.198244914240141
4.048663741523748
4.048663741523748
4.487435181491823
4.487435181491823
4.048663741523748
4.198244914240141
4.048663741523748
4.487435181491823
4.048663741523748
4.048663741523748
4.048663741523748
4.048663741523748
4.487435181491823
4.048663741523748
86.58755484643
4.048663741523748
4.487435181491823
4.008775428799367
86.55763861188672
4.198244914240141
115.06781013163143
102.93179098524132
4.487435181491823
5.325089748703639
4.487435181491823
4.008775428799367
4.168328679696844
12.794176306342237
4.188272836059035
4.317909852413238
4.15835660151576
4.15835660151576
4.248105305145606
