4.487435181491823
4.198244914240141
4.487435181491823
4.198244914240141
13.40247307538892
4.487435181491823
4.198244914240141
4.487435181491823
149.30195452732352
4.198244914240141
71.93857199840448
4.487435181491823
4.198244914240141
149.30195452732352
27.173913043478258
149.30195452732352
4.198244914240141
4.198244914240141
4.048663741523748
4.487435181491823
4.198244914240141
4.198244914240141
4.048663741523748
4.048663741523748
4.487435181491823
4.487435181491823
4.048663741523748
4.198244914240141
4.048663741523748
4.487435181491823
4.048663741523748
4.048663741523748
4.048663741523748
4.048663741523748
4.487435181491823
4.048663741523748
4.048663741523748
4.048663741523748
4.487435181491823
4.008775428799367
86.55763861188672
4.198244914240141
115.06781013163143
102.93179098524132
4.487435181491823
5.325089748703639
4.487435181491823
4.008775428799367
4.11846828879138
12.794176306342237
4.188272836059035
4.317909852413238
4.048663741523748
4.15835660151576
4.208216992421225
4.487435181491823
5.275229357798175
4.487435181491823
4.198244914240141
4.048663741523748
4.487435181491823
4.487435181491823
4.487435181491823
135.92939768647787
4.198244914240141
5.325089748703639
4.487435181491823
4.048663741523748
4.048663741523748
4.058635819704831
4.487435181491823
4.048663741523748
4.198244914240141
86.56761069006784
4.15835660151576
4.287993617869964
4.487435181491823
4.048663741523748
4.048663741523748
4.048663741523748
86.56761069006784
149.30195452732352
4.048663741523748
4.048663741523748
4.048663741523748
4.487435181491823
4.487435181491823
4.038691663342641
4.0885520542481055
4.287993617869964
4.287993617869964
4.357798165137619
4.317909852413238
